              precision    recall  f1-score   support

           0       1.00      0.67      0.80         3
           2       0.00      0.00      0.00         1
           4       0.00      0.00      0.00         1
           5       0.96      0.99      0.98       101
           6       1.00      1.00      1.00         2
           7       1.00      0.80      0.89         5

    accuracy                           0.96       113
   macro avg       0.66      0.58      0.61       113
weighted avg       0.95      0.96      0.95       113

MCC: 0.7559869298148235