              precision    recall  f1-score   support

           0       0.00      0.00      0.00         5
           1       0.00      0.00      0.00         1
           2       0.00      0.00      0.00         3
           3       0.00      0.00      0.00         1
           4       0.00      0.00      0.00         2
           5       0.88      0.98      0.93        93
           6       1.00      0.50      0.67         4
           7       0.50      1.00      0.67         4

    accuracy                           0.86       113
   macro avg       0.30      0.31      0.28       113
weighted avg       0.78      0.86      0.81       113

MCC: 0.46115978052153556