              precision    recall  f1-score   support

           0       0.00      0.00      0.00         2
           1       0.00      0.00      0.00         1
           2       0.00      0.00      0.00         2
           4       0.00      0.00      0.00         2
           5       0.91      1.00      0.95       100
           6       1.00      0.75      0.86         4
           7       0.00      0.00      0.00         2

    accuracy                           0.91       113
   macro avg       0.27      0.25      0.26       113
weighted avg       0.84      0.91      0.87       113

MCC: 0.4665922559723139