              precision    recall  f1-score   support

           0       1.00      0.60      0.75         5
           1       1.00      1.00      1.00         2
           3       0.00      0.00      0.00         1
           4       0.00      0.00      0.00         0
           5       0.98      1.00      0.99       102
           6       1.00      1.00      1.00         2
           7       1.00      1.00      1.00         1

    accuracy                           0.97       113
   macro avg       0.71      0.66      0.68       113
weighted avg       0.97      0.97      0.97       113

MCC: 0.8470001592996715