              precision    recall  f1-score   support

           0       0.00      0.00      0.00         1
           1       0.00      0.00      0.00         1
           2       0.00      0.00      0.00         2
           4       0.00      0.00      0.00         2
           5       0.91      1.00      0.95       103
           6       0.00      0.00      0.00         2
           7       0.00      0.00      0.00         2

    accuracy                           0.91       113
   macro avg       0.13      0.14      0.14       113
weighted avg       0.83      0.91      0.87       113

MCC: 0.0