              precision    recall  f1-score   support

           0       1.00      0.33      0.50         3
           2       0.00      0.00      0.00         1
           4       1.00      0.33      0.50         3
           5       0.95      1.00      0.98       102
           6       1.00      1.00      1.00         2
           7       1.00      1.00      1.00         2

    accuracy                           0.96       113
   macro avg       0.83      0.61      0.66       113
weighted avg       0.95      0.96      0.94       113

MCC: 0.7291095271834247