              precision    recall  f1-score   support

           0       0.00      0.00      0.00         6
           1       0.00      0.00      0.00         2
           3       0.00      0.00      0.00         1
           4       0.00      0.00      0.00         2
           5       0.91      1.00      0.95        98
           6       0.67      1.00      0.80         2
           7       0.50      0.50      0.50         2

    accuracy                           0.89       113
   macro avg       0.30      0.36      0.32       113
weighted avg       0.81      0.89      0.85       113

MCC: 0.4442759338501891