              precision    recall  f1-score   support

           0       0.00      0.00      0.00         1
           1       0.00      0.00      0.00         1
           2       0.00      0.00      0.00         2
           3       0.00      0.00      0.00         1
           4       0.00      0.00      0.00         2
           5       0.87      1.00      0.93        96
           6       1.00      0.38      0.55         8
           7       0.00      0.00      0.00         2

    accuracy                           0.88       113
   macro avg       0.23      0.17      0.18       113
weighted avg       0.81      0.88      0.83       113

MCC: 0.3982267572186242