              precision    recall  f1-score   support

           1       0.00      0.00      0.00         2
           2       0.00      0.00      0.00         1
           4       0.00      0.00      0.00         1
           5       0.96      0.98      0.97       102
           6       0.56      1.00      0.71         5
           7       0.00      0.00      0.00         2

    accuracy                           0.93       113
   macro avg       0.25      0.33      0.28       113
weighted avg       0.89      0.93      0.91       113

MCC: 0.5803256107223064