              precision    recall  f1-score   support

           0       0.00      0.00      0.00         1
           1       0.00      0.00      0.00         1
           2       0.00      0.00      0.00         2
           4       1.00      0.33      0.50         3
           5       0.93      1.00      0.97       100
           6       0.75      1.00      0.86         3
           7       1.00      0.33      0.50         3

    accuracy                           0.93       113
   macro avg       0.53      0.38      0.40       113
weighted avg       0.90      0.93      0.90       113

MCC: 0.6077148926091656