              precision    recall  f1-score   support

           0       0.00      0.00      0.00         1
           1       0.00      0.00      0.00         2
           4       0.00      0.00      0.00         1
           5       0.96      0.99      0.98       102
           6       1.00      1.00      1.00         3
           7       0.80      1.00      0.89         4

    accuracy                           0.96       113
   macro avg       0.46      0.50      0.48       113
weighted avg       0.92      0.96      0.94       113

MCC: 0.7333125939211008